172
2 365 259
2 420 115
2 121 309
2 406 289
2 476 313
2 448 274
2 56 280
2 303 166
2 21 248
2 57 44
2 427 328
2 77 145
2 168 324
2 438 320
2 103 325
2 156 396
2 129 136
2 153 397
2 207 214
2 387 151
2 243 489
2 35 302
2 264 197
2 29 390
2 41 112
2 449 357
2 142 80
2 45 172
2 93 488
2 496 6
2 64 114
2 477 372
2 154 358
2 470 135
2 386 196
2 24 268
2 495 252
2 335 459
2 182 71
2 245 201
2 187 86
2 202 87
2 164 133
2 10 195
2 484 171
2 162 73
2 101 70
2 336 75
2 362 189
2 424 421
2 391 344
2 177 485
2 34 253
2 209 63
2 371 118
2 76 109
2 218 175
2 285 159
2 46 317
2 270 458
2 399 267
2 100 148
2 67 332
2 68 128
3 163 203 361
3 83 31 368
3 273 429 310
3 492 287 149
3 108 428 234
3 155 61 23
3 339 355 311
3 94 404 347
3 170 198 410
3 124 95 413
3 284 472 33
3 369 5 98
3 350 454 480
3 215 473 384
3 389 297 237
3 3 28 329
3 15 54 60
3 53 494 235
3 262 487 106
3 345 333 242
3 295 481 463
3 457 255 200
3 40 451 374
3 294 499 222
3 394 139 144
3 395 352 191
3 16 110 224
3 178 37 363
3 120 382 52
3 385 72 422
3 251 312 107
3 244 138 169
3 74 278 146
3 2 105 51
3 453 27 378
3 405 229 219
3 330 26 213
3 130 141 111
3 266 232 228
3 373 464 184
3 431 20 225
3 13 301 465
3 468 269 486
3 383 398 92
3 414 221 337
3 276 341 38
3 447 356 59
3 482 226 4
3 354 340 227
3 131 17 58
3 331 277 474
3 180 0 14
3 19 119 370
3 183 318 316
3 230 216 452
3 143 338 326
3 66 211 490
3 450 407 497
3 220 193 263
3 174 238 233
4 415 116 8 1
4 430 160 376 442
4 498 158 375 381
4 69 84 364 217
4 30 298 342 441
4 65 432 88 388
4 42 304 210 122
4 323 134 434 283
4 212 455 307 469
4 239 314 408 186
4 275 351 360 483
4 261 260 402 400
4 272 299 99 291
4 102 401 188 475
4 290 409 199 433
4 49 22 7 392
4 256 411 327 265
4 192 179 444 479
4 55 359 126 97
4 18 81 446 43
4 346 176 461 132
4 36 462 403 279
4 440 456 113 50
4 379 466 439 104
4 254 241 223 147
4 157 78 90 205
4 173 286 491 334
4 445 478 181 125
4 208 231 377 308
4 32 190 25 9
4 165 137 117 353
4 416 426 167 412
4 127 471 206 281
4 161 246 236 12
4 150 257 123 194
4 380 417 296 322
4 288 315 367 305
4 89 460 300 247
4 321 343 152 435
4 271 425 419 48
4 91 293 82 493
4 292 349 319 204
4 185 85 436 467
4 11 306 443 282
4 62 250 418 423
4 96 437 140 240
4 366 39 79 47
4 348 249 258 393
