8099
2 45853 71486
2 20253 78395
2 96084 75480
2 96521 91852
2 41586 4392
2 92534 78574
2 35628 98023
2 43043 36560
2 25461 81943
2 96456 4325
2 50989 30572
2 74471 28709
2 16706 89570
2 75472 22809
2 49864 18086
2 91512 63389
2 19544 20078
2 12124 81131
2 27028 38231
2 43837 59442
2 63851 44128
2 45199 63734
2 32408 1720
2 43128 6456
2 30698 73003
2 38785 1621
2 6043 31614
2 80366 37703
2 41703 82032
2 14479 73047
2 23959 66930
2 95574 98059
2 41802 34867
2 78793 64063
2 61409 87040
2 81495 81975
2 27225 54335
2 62069 18392
2 19717 37768
2 25239 54206
2 17619 818
2 2038 33841
2 54771 81427
2 19039 38576
2 96552 48175
2 85263 40549
2 54003 32280
2 34557 64455
2 35948 24683
2 86956 59151
2 3964 36303
2 77209 76405
2 96021 4459
2 82306 25219
2 56001 72162
2 86029 71286
2 20966 70398
2 69229 47052
2 41455 90939
2 25556 46803
2 97503 64361
2 82746 15866
2 16175 93208
2 41472 22964
2 72866 60412
2 69400 70498
2 61097 1357
2 24968 58499
2 93808 29540
2 71458 55852
2 36741 55545
2 87357 10439
2 44968 11582
2 72790 86681
2 35810 76031
2 91403 11779
2 60903 38849
2 3755 29862
2 7889 57375
2 16376 60220
2 22170 90826
2 53207 34053
2 70259 62322
2 75907 20741
2 8563 36653
2 43428 35023
2 47989 46303
2 26466 47713
2 24181 83367
2 49944 90716
2 37406 35879
2 18777 54865
2 63476 30567
2 91597 82589
2 65563 12294
2 73478 32232
2 76478 86057
2 79423 29667
2 86812 4118
2 69932 37328
2 29572 58028
2 78964 3636
2 96567 20232
2 32020 21776
2 87387 83421
2 65161 76076
2 75773 14329
2 38577 69543
2 64586 40715
2 19848 66091
2 35977 79784
2 59181 68077
2 1029 14537
2 40556 46860
2 89466 54728
2 19627 79809
2 11220 85233
2 3350 85723
2 89147 10597
2 81954 75876
2 94750 54385
2 5231 48968
2 87806 62555
2 97000 92860
2 8808 19928
2 32754 59115
2 38713 85196
2 23493 83465
2 34483 62102
2 91377 23682
2 76859 21936
2 77592 87428
2 85177 35990
2 45578 75674
2 57019 80740
2 23626 14477
2 90193 28179
2 50342 4693
2 53099 41872
2 35376 1919
2 32022 4548
2 3771 79753
2 26332 78975
2 25865 9943
2 30679 34642
2 27708 56353
2 22198 81262
2 62172 3104
2 98770 99361
2 47603 75807
2 4011 72590
2 24388 95813
2 58641 13978
2 27698 83093
2 55504 3652
2 35033 27019
2 94062 76667
2 29325 95742
2 29342 37879
2 48257 10242
2 82510 79547
2 61074 11563
2 45790 75523
2 76871 96798
2 45200 64773
2 40374 80515
2 92979 64027
2 92196 67922
2 81079 2825
2 22186 12131
2 32210 89689
2 14288 93463
2 6464 38809
2 42982 49233
2 28669 31910
2 83185 87721
2 65857 47771
2 61642 31163
2 79296 66051
2 39832 19719
2 91401 12282
2 59256 6752
2 21897 56792
2 1778 19445
2 10431 5925
2 59581 15339
2 65238 53758
2 1599 30503
2 6169 96166
2 68474 3744
2 52663 33201
2 65157 59806
2 28811 325
2 33922 28478
2 30126 63286
2 53475 50103
2 76034 22157
2 53709 92075
2 49122 23564
2 52056 22489
2 34735 40000
2 95470 16289
2 90310 54569
2 30593 31361
2 92292 38488
2 43030 63348
2 58323 49932
2 98184 44277
2 60487 95487
2 67065 65034
2 38704 80825
2 21957 52691
2 90189 91053
2 67093 27367
2 44662 72555
2 63775 15133
2 21757 39941
2 74500 98396
2 19660 35685
2 60046 79321
2 88472 4780
2 98737 91276
2 65189 97500
2 30930 75593
2 85270 68421
2 23636 8545
2 53627 53932
2 16610 92432
2 84004 84917
2 84561 40285
2 97646 46724
2 36033 76069
2 45996 36319
2 86808 37373
2 53569 63657
2 28719 16934
2 64119 67270
2 36365 57900
2 27551 53350
2 43828 11279
2 77976 353
2 28002 39241
2 16465 40418
2 85487 41074
2 74979 65736
2 58428 76835
2 94610 34207
2 19407 46368
2 455 96534
2 52009 27891
2 8213 70096
2 22769 42093
2 98742 26119
2 14198 57716
2 54537 1143
2 52604 76058
2 73112 75509
2 33411 25084
2 83753 39895
2 38095 25170
2 17144 16995
2 88464 90864
2 27986 70660
2 7742 63532
2 57747 78591
2 51457 26032
2 11045 93398
2 61175 14911
2 7218 82768
2 16398 12222
2 90822 95716
2 70899 22920
2 92168 37510
2 92902 92770
2 13346 6887
2 36253 34405
2 2271 40474
2 60593 37418
2 29646 98629
2 59804 71767
2 80303 92290
2 53840 59704
2 37787 38157
2 3687 74617
2 38418 97175
2 71009 19241
2 56722 75858
2 62381 82702
2 54207 24533
2 17054 42492
2 46282 43684
2 95264 24520
2 67280 65873
2 52741 76485
2 73904 16690
2 69449 41853
2 12587 97128
2 8852 21683
2 25045 79178
2 10720 17988
2 6274 49679
2 18173 98112
2 63430 74540
2 81407 35357
2 21107 24016
2 83269 18306
2 30325 11679
2 77164 22547
2 21381 54290
2 82386 31301
2 66577 21430
2 58306 72441
2 36909 43468
2 90802 32295
2 19419 85117
2 40746 87599
2 72451 7228
2 83105 81514
2 43874 81143
2 82527 77489
2 23152 16837
2 47860 53169
2 43913 5139
2 76214 86920
2 59469 16763
2 5448 92603
2 98 26909
2 76498 88355
2 27084 89716
2 29406 55663
2 29918 60776
2 76815 67656
2 28224 52349
2 89038 21315
2 31801 84755
2 83883 87485
2 51349 63032
2 19893 96466
2 3047 93138
2 21451 84819
2 35070 88269
2 74776 67536
2 42987 13552
2 21278 78589
2 91805 4882
2 41617 55615
2 61887 56083
2 65534 53129
2 90448 25057
2 32769 38355
2 54939 21257
2 48474 78435
2 73284 98740
2 56785 84956
2 70596 35487
2 74453 58528
2 20807 29069
2 29841 54893
2 71483 24607
2 26789 70807
2 19069 6311
2 86893 28200
2 68156 33729
2 75101 75404
2 75414 57841
2 68898 9786
2 75637 42975
2 82350 39520
2 91802 85222
2 42716 53211
2 38972 1385
2 91883 24361
2 54391 98535
2 401 26887
2 94172 45751
2 66749 54125
2 55432 29573
2 76718 3067
2 25626 21127
2 28138 141
2 5191 85226
2 82816 59326
2 70805 28431
2 951 33162
2 5351 36110
2 94819 62479
2 4312 35481
2 61184 7039
2 53380 65703
2 28316 67775
2 4350 3007
2 36563 34132
2 58599 45981
2 98276 91343
2 17856 9288
2 28714 50004
2 33500 53701
2 59731 20444
2 23482 63919
2 21629 50528
2 17544 29420
2 6438 66981
2 8121 80962
2 33560 22421
2 23086 54884
2 63272 93417
2 22851 83371
2 77019 74118
2 75842 30011
2 18811 4265
2 59399 75219
2 29748 46200
2 98785 13214
2 61851 96405
2 25870 53472
2 80377 62212
2 88915 49218
2 54925 18118
2 37581 49261
2 31622 22933
2 19665 43185
2 98060 4049
2 44399 1472
2 87621 11091
2 2852 3713
2 91911 69084
2 57017 96510
2 66767 9949
2 7681 69220
2 21370 629
2 84087 50365
2 14861 25893
2 16196 15888
2 33314 61559
2 52776 37836
2 9965 30462
2 41702 33895
2 43982 74708
2 66355 47081
2 70616 38604
2 2597 78899
2 8248 88084
2 26060 99410
2 90431 62052
2 49978 70725
2 18071 2190
2 40877 16321
2 82909 74291
2 52273 47848
2 15239 12503
2 57119 73968
2 44674 9597
2 85578 87845
2 82824 39372
2 60203 46529
2 23334 76805
2 11866 15963
2 96732 15671
2 71848 39395
2 88962 17817
2 28419 18644
2 74790 607
2 81881 35496
2 97912 13287
2 58263 98579
2 70555 64197
2 96301 17556
2 11719 46847
2 86205 15469
2 92135 75117
2 63319 69486
2 8033 94852
2 22243 16358
2 51337 93355
2 608 32824
2 27668 70074
2 99204 63097
2 8273 7043
2 34135 2080
2 72107 46016
2 9867 70825
2 32182 20858
2 3537 29784
2 17976 81870
2 14964 12442
2 4008 37372
2 73883 17003
2 42279 16390
2 70247 54552
2 58411 55174
2 98585 86514
2 1450 19545
2 76914 57224
2 40089 79069
2 66520 54536
2 4821 25148
2 13470 37538
2 59000 72694
2 2039 37385
2 46491 98455
2 64616 78022
2 85719 92694
2 1060 75221
2 98563 70317
2 31388 12608
2 89678 66873
2 82050 69446
2 91986 68159
2 46143 54924
2 21596 37967
2 24888 75079
2 92312 86407
2 19590 24660
2 50326 59097
2 50238 40522
2 11608 25279
2 7825 72553
2 24108 71323
2 41583 77243
2 11440 86352
2 62432 33067
2 96145 68293
2 84521 16513
2 92438 74447
2 31206 84211
2 93467 21041
2 84495 14683
2 17824 99119
2 9852 87914
2 20030 91635
2 58416 38385
2 31690 36584
2 57845 16776
2 63500 57591
2 15434 90935
2 74936 10952
2 4227 68123
2 49453 43209
2 60537 93820
2 20864 36036
2 76664 68133
2 26745 30041
2 65377 26713
2 26636 39905
2 18652 47557
2 41318 53359
2 2838 62443
2 74337 33879
2 39509 55483
2 70762 81719
2 73929 63119
2 12697 39527
2 45481 73350
2 50730 49607
2 4178 52043
2 8065 88495
2 16260 3393
2 24761 31914
2 87231 22317
2 79490 88917
2 23126 35493
2 74396 48166
2 56755 39226
2 9465 256
2 40296 21842
2 54953 72753
2 61072 64757
2 48387 59839
2 56828 95688
2 13637 53868
2 74078 69363
2 10276 23730
2 22094 43751
2 1926 74263
2 65481 17825
2 88228 74815
2 73295 12833
2 8114 42909
2 43355 97718
2 54233 89016
2 42505 22177
2 83474 8822
2 63717 1881
2 50671 4196
2 57334 374
2 93276 71238
2 44961 33769
2 19704 49361
2 40608 38086
2 66980 79086
2 8714 47959
2 71274 22706
2 20423 56919
2 76399 50581
2 65046 99750
2 10361 79022
2 80741 78292
2 62895 21896
2 25162 50013
2 57746 17260
2 31289 44000
2 22550 65612
2 88810 6708
2 43863 8933
2 72913 62405
2 11978 48385
2 47264 64526
2 73380 58644
2 50179 11752
2 11530 10141
2 44206 9535
2 58320 87990
2 99695 90460
2 87594 64167
2 75153 40260
2 13303 53560
2 40643 78046
2 89432 41505
2 90429 37769
2 50496 54775
2 98280 49352
2 60799 11599
2 29047 47897
2 66678 77024
2 36626 34719
2 60935 378
2 51083 36484
2 6225 33231
2 30683 78338
2 62659 78123
2 34923 6745
2 91774 74284
2 39294 89854
2 15577 35017
2 87350 79508
2 31836 12380
2 13519 51252
2 94215 41400
2 1490 36985
2 25679 67204
2 83655 86570
2 99619 32980
2 9181 51705
2 56061 4466
2 40211 8655
2 46884 30348
2 28329 85685
2 60291 55014
2 15004 22232
2 10479 66784
2 5914 70824
2 84816 94526
2 29263 95658
2 24558 48886
2 93553 36249
2 68398 67520
2 24067 74947
2 27289 60697
2 15521 94740
2 33259 40221
2 3726 53056
2 34691 24277
2 4219 25800
2 82398 30291
2 13235 55571
2 88012 83690
2 9497 51619
2 42223 2117
2 53674 88098
2 76350 698
2 59440 97327
2 3971 51745
2 34436 64774
2 68736 8647
2 32608 46989
2 89412 41758
2 95532 22816
2 25642 53414
2 53684 80706
2 68088 978
2 37184 21730
2 4208 10272
2 73449 32611
2 91578 22037
2 12760 93855
2 93679 16553
2 79416 22632
2 32080 96827
2 41518 95954
2 32422 58110
2 24549 81369
2 41297 71699
2 10231 65543
2 76605 20458
2 9933 96085
2 66994 24697
2 28508 29678
2 54969 67129
2 5418 13310
2 24426 26370
2 56246 49384
2 84597 99597
2 44904 64655
2 9734 7386
2 62091 40812
2 19900 85351
2 1147 50579
2 30993 14725
2 71430 50789
2 1781 25217
2 55554 54875
2 89297 90438
2 53193 14867
2 90235 16786
2 48592 82693
2 25777 45557
2 92520 36169
2 1335 11503
2 26404 52520
2 71359 67743
2 12585 47776
2 11022 19685
2 69606 86047
2 78747 6069
2 70653 66660
2 16402 91459
2 83081 49485
2 38275 36131
2 8976 99949
2 96541 98754
2 6940 35298
2 26234 14657
2 42754 99106
2 18117 84631
2 77980 11262
2 35484 39129
2 11673 56646
2 31093 76338
2 92522 53774
2 38222 53179
2 93774 96320
2 52004 49859
2 53363 47918
2 88338 19138
2 32897 50777
2 76459 71707
2 29962 17331
2 76346 80264
2 33951 62947
2 67547 45321
2 89113 66266
2 79138 16053
2 30910 36323
2 23067 62897
2 81232 19836
2 49441 67980
2 763 90290
2 35813 15949
2 72342 40385
2 38864 34277
2 62150 69747
2 14620 71210
2 46667 30241
2 51527 69356
2 37566 2531
2 33078 21445
2 90319 14945
2 31615 4942
2 87844 77961
2 36707 57385
2 82285 37081
2 81000 81864
2 43336 40207
2 34104 39860
2 37430 19783
2 85215 23204
2 14359 91628
2 84627 29596
2 55441 96585
2 55391 61174
2 64683 36408
2 52589 18918
2 7417 14138
2 46165 66965
2 88871 33115
2 958 50436
2 22382 29821
2 72533 45769
2 63946 9636
2 29338 41421
2 20473 38004
2 75631 60898
2 41533 58359
2 42672 31210
2 28346 95777
2 50220 59170
2 16476 3143
2 28803 73218
2 14942 99685
2 37884 47670
2 38339 49059
2 45384 95702
2 16782 12577
2 56037 37664
2 93141 2204
2 57086 54098
2 1333 49124
2 34564 70973
2 93601 75688
2 11640 77264
2 47236 56804
2 88069 18272
2 89819 60486
2 45085 80274
2 90223 57242
2 6831 28851
2 30232 66898
2 52281 83594
2 92566 84668
2 93410 88950
2 90106 39306
2 10382 13768
2 13623 71813
2 68484 83243
2 24080 90911
2 61145 97550
2 59660 90439
2 66901 19450
2 91899 91385
2 48462 16969
2 17511 19484
2 53490 85506
2 93375 48571
2 85557 32658
2 83781 97760
2 70741 71002
2 7090 644
2 68146 62245
2 8964 35527
2 19606 13270
2 69603 13992
2 97653 72530
2 78551 22070
2 26240 70132
2 55437 98430
2 33047 79991
2 70620 41436
2 88923 8344
2 68144 83808
2 33613 77322
2 77214 63128
2 66437 86121
2 40314 18847
2 70962 93989
2 5957 20471
2 7505 74072
2 15904 75718
2 33169 94653
2 68924 77404
2 76508 50799
2 59827 95405
2 13722 23346
2 46445 82441
2 42011 11777
2 55854 51326
2 65774 53109
2 27801 57248
2 45342 69381
2 75466 80131
2 89493 18258
2 76746 5136
2 43801 63363
2 80473 30303
2 91784 56748
2 73914 79299
2 97734 78808
2 18037 23133
2 85913 94109
2 98676 31212
2 15237 26315
2 63109 7735
2 87306 86159
2 71245 30823
2 87731 25873
2 82343 73760
2 7498 12476
2 62759 5310
2 65260 46792
2 38691 21779
2 2899 90049
2 55819 39932
2 94412 96328
2 30710 77003
2 62953 39793
2 32950 45555
2 51195 34419
2 90835 10072
2 43851 9938
2 93003 22919
2 38740 65972
2 69149 38188
2 1542 17206
2 53441 32183
2 28120 38360
2 81130 76830
2 22184 79056
2 87522 43718
2 12629 96701
2 19130 6238
2 55287 34763
2 26963 50257
2 88832 18524
2 37783 33671
2 53368 79994
2 94683 23237
2 58911 16297
2 49687 74566
2 64359 81249
2 18807 58116
2 82000 55375
2 4380 39535
2 56816 28974
2 66356 87818
2 48700 47223
2 16434 5174
2 77241 91022
2 55742 67171
2 66639 26838
2 34904 22559
2 94563 19005
2 23175 96608
2 75145 3694
2 16679 17496
2 41148 25758
2 67414 79528
2 75551 82614
2 52174 37982
2 11625 44707
2 38062 67267
2 84387 15297
2 28049 3818
2 72363 32163
2 53921 50054
2 54920 67448
2 28741 19658
2 8364 85444
2 7522 88974
2 99708 38856
2 29609 20089
2 38709 90291
2 23545 81563
2 11031 59221
2 51644 77994
2 97504 15349
2 41671 42585
2 54945 23182
2 80996 24083
2 16174 86922
2 40516 73219
2 33364 73428
2 53496 11551
2 69485 84213
2 34845 32867
2 90500 94886
2 17899 67435
2 75777 75785
2 66914 98106
2 10879 60244
2 71500 78677
2 33882 9750
2 9062 24328
2 62496 74546
2 87302 65918
2 16921 96502
2 90789 2637
2 1346 97600
2 83983 62710
2 86059 80755
2 87847 32468
2 14930 90659
2 32833 88007
2 42005 41264
2 81802 85686
2 66919 27124
2 94370 64433
2 37414 56937
2 91692 51869
2 70749 47415
2 12590 88150
2 82184 8535
2 63051 59233
2 69160 41308
2 715 87669
2 32711 84291
2 62433 30206
2 12381 31337
2 33564 97918
2 74809 72848
2 55963 8393
2 62152 35682
2 45056 61508
2 17516 6415
2 42610 43243
2 54542 9697
2 51806 72726
2 4738 50403
2 31315 2611
2 73296 13918
2 98796 76697
2 60126 49618
2 10214 3977
2 14612 32379
2 28078 33549
2 99134 60129
2 93471 90682
2 65480 36179
2 20890 19462
2 25518 10230
2 96447 16023
2 91051 44609
2 35510 36832
2 19840 50312
2 24176 65599
2 78461 43859
2 37324 51951
2 32153 86772
2 8959 21219
2 47296 26066
2 74735 46977
2 52845 25630
2 91982 88898
2 24299 49871
2 49963 82651
2 903 85390
2 62257 98129
2 81120 77937
2 58388 33799
2 94918 21692
2 29032 15264
2 33578 89157
2 43677 54866
2 62777 58235
2 51856 35063
2 44501 93385
2 79405 37301
2 10809 92393
2 82185 60808
2 60332 96031
2 29966 4837
2 53557 41446
2 24202 77740
2 15982 34971
2 26734 32968
2 33730 42626
2 89024 79460
2 2498 65098
2 68929 39562
2 19844 89074
2 86914 28086
2 52965 62455
2 8276 74151
2 20199 40726
2 29743 38583
2 5590 42070
2 31066 85335
2 31923 12499
2 75146 92340
2 36957 26120
2 15151 81178
2 42691 94767
2 42390 50585
2 93722 31237
2 69998 44061
2 39346 34324
2 46633 89072
2 36928 92875
2 10054 8833
2 35908 40518
2 35035 65325
2 89395 29507
2 38548 97740
2 26378 48649
2 31538 29800
2 46939 17255
2 36819 3670
2 47675 9765
2 56730 47985
2 79343 31208
2 84551 8878
2 6711 79320
2 77632 74184
2 74997 90067
2 60666 48957
2 65676 81465
2 2369 1065
2 19525 65001
2 30120 57672
2 11493 3664
2 29018 39387
2 81110 81893
2 35503 18375
2 79177 52416
2 61375 51973
2 31846 31375
2 2364 85379
2 51034 14559
2 98965 46103
2 86929 36338
2 38513 15641
2 54091 90173
2 18299 28331
2 54105 26433
2 23272 51139
2 91160 69435
2 69331 68951
2 53342 9513
2 18857 92627
2 68197 90127
2 25269 99465
2 17954 19670
2 81812 90593
2 68740 27655
2 9142 67844
2 19813 11309
2 38262 71919
2 63996 79905
2 18763 61577
2 32523 97878
2 60715 11347
2 93498 6900
2 45026 10283
2 62448 57057
2 79020 30771
2 19170 66756
2 4415 9939
2 27246 7368
2 82838 16918
2 31217 50147
2 63092 7116
2 59 99306
2 52038 42916
2 27944 30236
2 33198 25324
2 52186 96985
2 99152 46452
2 75789 15104
2 81964 25529
2 63701 53
2 5776 64919
2 1070 70369
2 61114 12129
2 53238 60134
2 50253 71518
2 51492 12205
2 59652 70493
2 72002 93249
2 77736 29510
2 95226 3194
2 5329 26828
2 64402 15351
2 67330 88426
2 92859 45823
2 55851 6721
2 44783 15920
2 14611 64511
2 58372 64227
2 8426 49694
2 11183 30274
2 8039 88113
2 25093 45986
2 3041 79612
2 14289 5523
2 95626 50518
2 40532 87924
2 84672 71504
2 16857 59875
2 29139 87372
2 60061 80420
2 35373 8506
2 8030 8489
2 1821 55831
2 69795 49886
2 29723 12998
2 56055 44240
2 92728 4313
2 89188 37683
2 92547 36833
2 94954 75395
2 60433 21267
2 63410 59477
2 10132 69038
2 11862 37312
2 55754 12582
2 8225 43020
2 48640 14410
2 34206 24961
2 21071 70181
2 96519 29343
2 35522 65677
2 7267 74548
2 13493 79843
2 10752 16060
2 60865 67498
2 84777 22420
2 26195 83581
2 49026 77051
2 19341 71020
2 58997 86101
2 86712 58279
2 57314 56835
2 95567 29265
2 96981 59537
2 79472 25283
2 29141 8163
2 41636 20638
2 35265 58120
2 9581 56423
2 6654 30413
2 4663 61203
2 67179 70064
2 86301 99674
2 60497 59141
2 27879 69042
2 29920 39558
2 79255 3856
2 63620 21143
2 44538 82967
2 95184 10669
2 90413 82392
2 87164 81760
2 182 21268
2 48375 43690
2 92953 79331
2 13787 7823
2 97663 35118
2 58202 97242
2 80293 47067
2 4180 1063
2 80189 88184
2 64559 86897
2 31098 83707
2 27892 95803
2 60616 10195
2 37631 79954
2 20753 986
2 30967 72101
2 24854 18812
2 23561 26445
2 3698 46787
2 64669 7987
2 55830 44911
2 65785 43569
2 38752 3748
2 2814 2320
2 68966 44781
2 39497 62892
2 71797 42294
2 80458 10983
2 6147 86584
2 35949 3028
2 68840 76958
2 69374 78862
2 98674 15379
2 97171 32512
2 99003 55995
2 41182 84010
2 62441 63548
2 16924 26020
2 91446 96226
2 85713 38013
2 99241 13147
2 5379 16503
2 22781 63148
2 64452 18125
2 24305 99837
2 36570 94620
2 44484 93446
2 57606 54062
2 41527 93307
2 52634 10110
2 10753 12745
2 45679 85806
2 85096 28571
2 1356 29081
2 37905 92672
2 64363 8549
2 74108 6763
2 5800 15700
2 7935 96662
2 10598 49890
2 22590 85512
2 37695 43948
2 97923 47741
2 17465 68460
2 2404 7960
2 35815 5440
2 9185 46512
2 10805 25491
2 50949 96769
2 3810 4616
2 48274 86143
2 66880 43679
2 8643 83522
2 6692 33786
2 58761 57692
2 75559 70275
2 94848 73947
2 70809 25920
2 64202 56296
2 90216 47004
2 10581 54899
2 88415 32705
2 75015 50269
2 9647 16892
2 21836 50599
2 54525 25145
2 58140 63591
2 67752 20731
2 23632 40636
2 90394 34451
2 84330 75546
2 62564 72310
2 78804 83853
2 49368 21105
2 50945 4022
2 3692 25708
2 14350 65272
2 31125 77
2 54255 22574
2 80716 88958
2 25256 38723
2 32816 58344
2 71373 51247
2 44163 17614
2 56629 103
2 49103 14247
2 23062 73886
2 23074 94017
2 7028 79438
2 92143 68347
2 2869 32359
2 68362 18377
2 13599 84193
2 83021 79821
2 92413 66758
2 58247 6575
2 82416 58972
2 82400 81097
2 43942 67600
2 55406 36640
2 22462 36727
2 69138 80179
2 1927 41138
2 90296 64515
2 36821 97271
2 12596 31776
2 74074 63245
2 58898 66675
2 72938 16345
2 28678 96612
2 60529 40005
2 93262 26720
2 29489 81892
2 91616 66298
2 19148 89923
2 85996 10442
2 1183 33053
2 28977 72341
2 28981 45538
2 53588 61796
2 13384 28386
2 31061 48403
2 74850 3490
2 66205 60683
2 92876 16001
2 71293 14087
2 16956 6019
2 55915 75975
2 87628 43526
2 93226 24881
2 34370 48995
2 94935 48340
2 81936 14890
2 31460 62672
2 67133 43800
2 10661 69079
2 18511 27268
2 29529 74570
2 51985 47672
2 20396 69126
2 24897 45158
2 87550 55744
2 84223 56056
2 75418 41961
2 98791 55263
2 98237 38573
2 58419 12450
2 27248 87675
2 15305 3835
2 3368 28196
2 62373 7119
2 53579 3983
2 36783 93555
2 40690 96345
2 27290 13834
2 30076 88129
2 72210 42603
2 52951 79195
2 56784 4402
2 89883 42649
2 45648 74951
2 58998 18926
2 1563 2596
2 80254 85346
2 18097 91618
2 16355 9800
2 99477 88027
2 81385 62799
2 64634 74172
2 56076 29936
2 57001 6449
2 9735 58401
2 66841 41737
2 17341 33522
2 41342 38608
2 54553 68420
2 17350 55016
2 49770 97835
2 83547 86702
2 19134 469
2 1417 52066
2 9932 85694
2 64724 68880
2 92601 82323
2 50261 13247
2 96327 3099
2 20422 73151
2 74876 26710
2 19342 49851
2 89013 26572
2 64240 74757
2 33621 30875
2 32108 63653
2 77906 61667
2 50678 9271
2 84317 63033
2 64988 45081
2 85982 43357
2 87107 4472
2 24467 27188
2 31107 49626
2 4512 20546
2 72655 49488
2 61456 89668
2 63914 81402
2 26439 75281
2 96942 23608
2 95100 6249
2 97071 89650
2 94097 76447
2 22691 82193
2 2233 29795
2 708 25295
2 66579 2029
2 68647 99528
2 24303 29751
2 44022 58292
2 35195 26651
2 49411 47896
2 91438 1914
2 68027 84481
2 67076 62924
2 67985 93983
2 42046 1304
2 7300 49430
2 1912 87645
2 23727 42009
2 57336 87970
2 57354 2208
2 7600 6475
2 3171 17857
2 6537 70385
2 30896 89856
2 22011 9146
2 39584 13397
2 58340 52171
2 37122 23371
2 78797 26187
2 73372 70216
2 9024 87717
2 12766 13186
2 89098 61671
2 19202 23149
2 49567 77192
2 8897 84685
2 25258 28896
2 55231 84770
2 11492 76476
2 22752 7501
2 33739 58462
2 84591 80953
2 39504 2979
2 47761 16184
2 12733 9446
2 5266 25173
2 89515 66888
2 30411 436
2 49161 84887
2 84459 61713
2 1110 41475
2 5272 11024
2 42178 23226
2 11965 22709
2 88765 5940
2 29291 10275
2 92599 10265
2 2533 55891
2 29349 15977
2 42945 98525
2 16725 49865
2 20976 13252
2 74333 47344
2 40983 42470
2 55957 36555
2 18390 23780
2 9763 80518
2 76533 85766
2 26069 55458
2 56497 59529
2 77186 76015
2 57193 71329
2 20235 44330
2 21271 71658
2 53643 1180
2 76820 69987
2 42743 3309
2 16473 79193
2 83321 88928
2 89405 18803
2 90559 96835
2 37289 89050
2 79768 39800
2 87373 42925
2 55385 81025
2 88688 85448
2 96559 68979
2 672 80440
2 99147 63948
2 32308 23234
2 13578 1465
2 45267 94635
2 2618 54534
2 66916 29074
2 67323 14043
2 24139 65448
2 51396 61218
2 45539 49295
2 14541 84871
2 91434 22084
2 44858 40740
2 48966 33714
2 31159 75782
2 40857 46439
2 64358 20193
2 42408 50347
2 52255 7247
2 37138 39414
2 33527 8561
2 19406 52830
2 2321 7579
2 60921 94894
2 66243 89571
2 73859 80752
2 64347 59888
2 98824 92549
2 77943 90471
2 83858 6313
2 71558 82696
2 12996 11062
2 54644 71936
2 31157 25479
2 60788 42362
2 98916 88455
2 77588 64456
2 26974 51088
2 96 21804
2 36062 85626
2 81509 9054
2 75403 30386
2 84157 81294
2 44194 55357
2 69057 79019
2 78538 30395
2 74642 25014
2 4418 78791
2 16910 96877
2 31234 54177
2 20223 99591
2 7528 73013
2 49223 26728
2 74042 41866
2 40358 74750
2 37696 61091
2 69044 58046
2 87525 58550
2 40354 34679
2 48784 16161
2 6133 72624
2 64212 75286
2 9026 16310
2 57987 48673
2 47514 54814
2 4945 41587
2 23458 66343
2 67198 28317
2 87057 15751
2 81571 67840
2 25390 51497
2 34907 36415
2 11839 67820
2 75645 90110
2 84138 49039
2 65366 90590
2 90181 59113
2 30911 98108
2 15039 35350
2 24442 74030
2 86200 32260
2 5138 33912
2 2485 54954
2 63897 1137
2 23989 94552
2 25984 72617
2 92647 22859
2 65371 61257
2 70153 18338
2 16523 12514
2 2915 82968
2 7083 66845
2 39750 16197
2 86955 21301
2 94357 32919
2 16301 56614
2 2194 54891
2 86695 77785
2 51203 28528
2 4849 41190
2 51835 90001
2 23948 74257
2 92014 26045
2 63542 303
2 73509 56008
2 29369 52551
2 62920 66725
2 70467 57573
2 39975 42207
2 95649 92313
2 74651 88379
2 56859 72809
2 15377 15093
2 62206 4236
2 52222 59727
2 5053 78240
2 94671