500
2 308 23
2 349 19
2 365 289
2 374 449
2 129 269
2 125 284
2 132 11
2 156 496
2 122 246
2 4 97
2 151 222
2 258 139
2 419 448
2 270 264
2 383 413
2 7 379
2 460 357
2 98 467
2 493 288
2 331 210
2 155 103
2 403 243
2 142 215
2 377 317
2 105 291
2 491 392
2 457 360
2 420 298
2 200 35
2 205 380
2 230 328
2 39 137
2 389 309
2 47 477
2 485 465
2 36 432
2 482 87
2 428 408
2 322 395
2 26 371
2 358 333
2 32 245
2 422 15
2 340 186
2 59 227
2 180 435
2 386 440
2 437 385
2 188 272
2 394 472
2 487 187
2 208 342
2 299 372
2 146 164
2 203 429
2 29 48
2 444 424
2 147 173
2 463 13
2 3 352
2 423 287
2 332 402
2 458 416
2 104 306
3 84 483 253
3 81 286 107
3 175 488 71
3 367 201 69
3 464 281 283
3 364 442 102
3 353 40 447
3 391 498 126
3 133 469 276
3 116 136 63
3 410 190 198
3 296 61 191
3 381 28 89
3 21 401 295
3 199 325 64
3 65 405 285
3 260 470 494
3 2 439 455
3 219 366 307
3 397 249 262
3 72 369 344
3 446 337 9
3 376 168 273
3 234 171 37
3 232 335 490
3 497 315 313
3 434 221 316
3 170 162 421
3 354 468 303
3 41 113 159
3 223 73 373
3 6 45 88
3 241 239 225
3 209 387 427
3 409 127 456
3 235 248 158
3 54 247 218
3 16 131 0
3 195 30 314
3 165 346 50
3 417 398 49
3 145 220 244
3 51 473 152
3 108 486 459
3 431 256 426
3 399 252 330
3 411 237 301
3 341 479 206
3 157 280 82
3 474 361 141
3 42 70 118
3 178 499 110
3 393 312 149
3 329 68 277
3 466 279 148
3 121 231 189
3 140 58 5
3 78 430 153
3 128 326 135
3 55 336 475
4 224 452 388 451
4 163 74 14 184
4 368 282 348 174
4 24 294 166 212
4 445 351 350 228
4 169 453 204 96
4 119 62 404 80
4 57 251 38 181
4 18 196 226 347
4 67 160 345 378
4 183 418 17 179
4 238 233 257 111
4 363 478 213 34
4 261 267 114 425
4 390 492 144 480
4 370 274 123 44
4 323 53 265 433
4 100 229 271 441
4 217 310 20 33
4 293 106 52 86
4 95 117 400 396
4 462 297 134 115
4 79 476 278 242
4 339 250 66 83
4 185 197 31 454
4 263 436 8 56
4 202 177 318 194
4 10 85 266 355
4 304 214 471 362
4 382 321 495 461
4 91 300 77 334
4 1 254 207 489
4 109 112 124 211
4 412 320 150 414
4 259 138 275 359
4 302 192 75 311
4 193 22 443 130
4 120 93 327 305
4 356 154 450 415
4 12 76 343 43
4 481 407 319 292
4 268 101 176 25
4 60 167 375 406
4 99 438 161 143
4 90 255 27 94
4 92 182 384 338
4 172 46 240 216
4 236 324 484 290
